# Curated recent video papers for 2026-07-27 through 2026-08-26.
# Selection balances generation, understanding/reasoning, editing,
# analysis/perception, datasets/representation, and all five date buckets.
2608.24845
2608.24763
2608.24680
2608.23011
2608.23090
2608.23329
2608.23330
2608.22819
2608.21849
2608.21839
2608.20749
2608.20910
2608.20805
2608.20814
2608.20770
2608.20335
2608.20107
2608.19646
2608.18532
2608.18607
2608.18710
2608.18948
2608.17559
2608.17566
2608.17426
2608.16585
2608.16745
2608.16320
2608.16316
2608.16154
2608.21424
2608.15818
2608.15614
2608.14043
2608.13495
2608.13049
2608.13210
2608.14718
2608.12313
2608.12549
2608.11820
2608.10439
2608.11013
2608.11201
2608.10949
2608.07463
2608.06732
2608.05745
2608.05703
2608.04939
2608.03112
2608.02039
2608.01127
2607.29545
2607.28312
2607.27110
2607.27036
2607.26694
2607.25802
2607.24560
